power
+1050 -7400 +1100 -3150 +1100 -7400 +1050 -3200 +1050 -3200 +1050 -7400 +1100 -3150 +1100 -7400 +1050 -7450 +1050 -3150 +1100 
tuner-a
+1100 -7400 +1100 -3150 +1100 -7400 +1050 -3200 +1050 -3150 +1100 -7400 +1100 -7400 +1050 -3200 +1050 -3200 +1050 -7400 +1100 
tuner-b
+1100 -7400 +1100 -3150 +1050 -3200 +1050 -7400 +1100 -3150 +1100 -7400 +1050 -3200 +1050 -7450 +1050 -3150 +1100 -7400 +1100 
aux
+1100 -7400 +1100 -3150 +1100 -3150 +1050 -7450 +1050 -3150 +1100 -7400 +1100 -7400 +1050 -3200 +1050 -3200 +1050 -7400 +1100 
phono
+1050 -7400 +1100 -3150 +1100 -7400 +1050 -3200 +1050 -3200 +1050 -7400 +1100 -3150 +1100 -7400 +1050 -3200 +1050 -7400 +1100 
tape
+1050 -3200 +1050 -7400 +1100 -7400 +1100 -3150 +1050 -7450 +1050 -3150 +1100 -7400 +1100 -3150 +1100 -3150 +1050 -7450 +1050 
tuner-1
+1050 -3200 +1050 -7400 +1100 -7400 +1100 -3150 +1050 -7450 +1050 -3150 +1100 -3150 +1100 -7400 +1100 -7400 +1050 -3200 +1050 
tuner-2
+1050 -7450 +1050 -3150 +1100 -3150 +1100 -7400 +1100 -3150 +1050 -7450 +1050 -7400 +1100 -3150 +1100 -7400 +1050 -3200 +1050 
tuner-3
+1100 -7400 +1050 -3200 +1050 -7400 +1100 -3150 +1100 -3150 +1100 -7400 +1050 -7450 +1050 -3150 +1100 -7400 +1100 -3150 +1100 
tuner-4
+1100 -3150 +1100 -7400 +1100 -7400 +1050 -3200 +1050 -7400 +1100 -3150 +1100 -7400 +1050 -3200 +1050 -7400 +1100 -3150 +1100 
tuner-5
+1100 -3150 +1100 -7400 +1050 -7400 +1100 -3150 +1100 -3150 +1100 -7400 +1050 -3200 +1050 -7400 +1100 -3150 +1100 -7400 +1050 
tuner-6
+1100 -3150 +1050 -7450 +1050 -3150 +1100 -7400 +1100 -7400 +1050 -3200 +1050 -3200 +1050 -7400 +1100 -3150 +1100 -7400 +1050 
tuner-down
+1050 -7400 +1100 -3150 +1100 -3150 +1050 -7450 +1050 -7400 +1100 -3150 +1100 -7400 +1050 -3200 +1050 -7450 +1050 -3150 +1100 
tuner-up
+1050 -7450 +1050 -3150 +1100 -3150 +1100 -7400 +1050 -7450 +1050 -3200 +1050 -3150 +1100 -7400 +1100 -7400 +1050 -3200 +1050 
start-cut
+1050 -3200 +1050 -7400 +1100 -7400 +1100 -3150 +1050 -7450 +1050 -3150 +1100 -3150 +1100 -7400 +1100 -3150 +1050 -7450 +1050 
rec
+1100 -3150 +1050 -7450 +1050 -3150 +1100 -7400 +1100 -3150 +1100 -7400 +1050 -7400 +1100 -3150 +1100 -3150 +1100 -7400 +1050 
rew
+1050 -3200 +1050 -7400 +1100 -7400 +1100 -3150 +1100 -3150 +1050 -7450 +1050 -3150 +1100 -7400 +1100 -7400 +1050 -3200 +1050 
play
+1100 -3150 +1100 -7400 +1050 -3200 +1050 -7400 +1100 -7400 +1100 -3150 +1050 -7450 +1050 -3200 +1050 -3150 +1100 -7400 +1100 
ffwd
+1050 -3200 +1050 -7450 +1050 -3150 +1100 -7400 +1100 -3150 +1050 -7450 +1050 -3200 +1050 -7400 +1100 -7400 +1050 -3200 +1050 
pause
+1100 -3150 +1100 -7400 +1050 -3200 +1050 -7400 +1100 -7400 +1100 -3150 +1100 -3150 +1050 -7450 +1050 -7400 +1100 -3150 +1100 
stop
+1100 -3150 +1100 -7400 +1050 -7450 +1050 -3150 +1100 -3150 +1100 -7400 +1050 -7450 +1050 -3200 +1050 -3150 +1100 -7400 +1100 
muting
+1050 -7450 +1050 -3200 +1050 -3150 +1100 -7400 +1100 -3150 +1050 -7450 +1050 -3200 +1050 -7400 +1100 -7400 +1050 -3200 +1050 
volume-down
+1050 -7400 +1100 -3150 +1100 -3150 +1100 -7400 +1050 -7450 +1050 -3150 +1100 -7400 +1100 -3150 +1050 -3200 +1050 -7400 +1100 
volume-up
+1050 -7450 +1050 -3150 +1100 -3150 +1100 -7400 +1100 -7400 +1050 -3200 +1050 -3150 +1100 -7400 +1100 -3150 +1100 -7400 +1050 
